000    56.42
001    49.24
002    44.75
003    26.81
004    17.76
005    16.26
006    14.90
007    13.66
008    12.53
009    11.51
010    10.57
011    9.72
012    8.93
013    8.22
014    7.57
015    6.97
016    6.42
017    5.92
018    5.46
019    5.03
020    4.64
021    4.28
022    3.95
023    3.65
024    3.37
025    3.11
026    2.87
027    2.64
028    2.44
029    2.25
030    2.07
031    1.91
032    1.75
033    1.61
034    1.48
035    1.36
036    1.25
037    1.14
038    1.04
039    0.95
040    0.86
041    0.78
042    0.71
043    0.64
044    0.57
045    0.51
046    0.46
047    0.40
048    0.35
049    0.31
050    0.26
051    0.22
052    0.18
053    0.15
054    0.11
055    0.08
056    0.05
057    0.03
058	   0.00